USA California Sacramento
54 60 65 71 80 87 92 91 87 78 64 54
3.63 3.46 2.76 1.14 0.67 0.2 0.04 0.04 0.28 0.94 2.09 3.27
61
18.51

USA Florida Tampa
64 67 74 80 87 91 92 92 88 81 73 65
4.33 4.84 5.94 3.07 3.46 7.72 7.17 7.36 4.69 3.23 3.5 3.9
73
17.60

USA Indiana Mishawaka
35 40 51 63 73 82 85 83 77 65 52 39
2.72 2.28 3.19 3.78 4.76 4.29 4.13 3.27 2.68 3.11 3.5 2.91
59
25.90

USA Colorado Boulder
45 46 54 61 72 82 90 88 79 66 52 45
0.39 0.35 0.91 1.69 2.13 1.97 2.17 1.69 0.94 1.02 0.59 0.31
51
30.50

